4,6,-5
2142,-2975,0,999,28,0
1514,-2975,1514,706,28,706
1072,297,1072,696,173,696
1517,297,0,984,173,0
4,6,-5
1457,-8300,0,993,-118,0
1030,-8300,1030,702,-118,702
1514,-2975,1514,706,28,706
2142,-2975,0,999,28,0
4,6,-5
1514,-2975,1514,706,28,706
0,-2975,2142,0,28,999
0,297,1517,0,173,984
1072,297,1072,696,173,696
4,6,-5
1030,-8300,1030,702,-118,702
0,-8300,1457,0,-118,993
0,-2975,2142,0,28,999
1514,-2975,1514,706,28,706
4,6,-5
0,-2975,2142,0,28,999
-1514,-2975,1514,-706,28,706
-1072,297,1072,-696,173,696
0,297,1517,0,173,984
4,6,-5
0,-8300,1457,0,-118,993
-1030,-8300,1030,-702,-118,702
-1514,-2975,1514,-706,28,706
0,-2975,2142,0,28,999
4,6,-5
-1514,-2975,1514,-706,28,706
-2142,-2975,0,-999,28,0
-1517,297,0,-984,173,0
-1072,297,1072,-696,173,696
4,6,-5
-1030,-8300,1030,-702,-118,702
-1457,-8300,0,-993,-118,0
-2142,-2975,0,-999,28,0
-1514,-2975,1514,-706,28,706
4,6,-5
-2142,-2975,0,-999,28,0
-1514,-2975,-1514,-706,28,-706
-1072,297,-1072,-696,173,-696
-1517,297,0,-984,173,0
4,6,-5
-1457,-8300,0,-993,-118,0
-1030,-8300,-1030,-702,-118,-702
-1514,-2975,-1514,-706,28,-706
-2142,-2975,0,-999,28,0
4,6,-5
-1514,-2975,-1514,-706,28,-706
0,-2975,-2142,0,28,-999
0,297,-1517,0,173,-984
-1072,297,-1072,-696,173,-696
4,6,-5
-1030,-8300,-1030,-702,-118,-702
0,-8300,-1457,0,-118,-993
0,-2975,-2142,0,28,-999
-1514,-2975,-1514,-706,28,-706
4,6,-5
0,-2975,-2142,0,28,-999
1514,-2975,-1514,706,28,-706
1072,297,-1072,696,173,-696
0,297,-1517,0,173,-984
4,6,-5
0,-8300,-1457,0,-118,-993
1030,-8300,-1030,702,-118,-702
1514,-2975,-1514,706,28,-706
0,-2975,-2142,0,28,-999
4,6,-5
1514,-2975,-1514,706,28,-706
2142,-2975,0,999,28,0
1517,297,0,984,173,0
1072,297,-1072,696,173,-696
4,6,-5
1030,-8300,-1030,702,-118,-702
1457,-8300,0,993,-118,0
2142,-2975,0,999,28,0
1514,-2975,-1514,706,28,-706
