4,6,-5
7080,-3480,0,866,-499,0
5006,-3480,5006,612,-499,612
4459,59,4459,693,197,693
6307,59,0,980,197,0
4,6,-5
10,-5682,0,319,-947,0
7,-5682,7,225,-947,225
5006,-3480,5006,612,-499,612
7080,-3480,0,866,-499,0
4,6,-5
5006,-3480,5006,612,-499,612
0,-3480,7080,0,-499,866
0,59,6307,0,197,980
4459,59,4459,693,197,693
4,6,-5
7,-5682,7,225,-947,225
0,-5682,10,0,-947,319
0,-3480,7080,0,-499,866
5006,-3480,5006,612,-499,612
4,6,-5
0,-3480,7080,0,-499,866
-5006,-3480,5006,-612,-499,612
-4459,59,4459,-693,197,693
0,59,6307,0,197,980
4,6,-5
0,-5682,10,0,-947,319
-7,-5682,7,-225,-947,225
-5006,-3480,5006,-612,-499,612
0,-3480,7080,0,-499,866
4,6,-5
-5006,-3480,5006,-612,-499,612
-7080,-3480,0,-866,-499,0
-6307,59,0,-980,197,0
-4459,59,4459,-693,197,693
4,6,-5
-7,-5682,7,-225,-947,225
-10,-5682,0,-319,-947,0
-7080,-3480,0,-866,-499,0
-5006,-3480,5006,-612,-499,612
4,6,-5
-7080,-3480,0,-866,-499,0
-5006,-3480,-5006,-612,-499,-612
-4459,59,-4459,-693,197,-693
-6307,59,0,-980,197,0
4,6,-5
-10,-5682,0,-319,-947,0
-7,-5682,-7,-225,-947,-225
-5006,-3480,-5006,-612,-499,-612
-7080,-3480,0,-866,-499,0
4,6,-5
-5006,-3480,-5006,-612,-499,-612
0,-3480,-7080,0,-499,-866
0,59,-6307,0,197,-980
-4459,59,-4459,-693,197,-693
4,6,-5
-7,-5682,-7,-225,-947,-225
0,-5682,-10,0,-947,-319
0,-3480,-7080,0,-499,-866
-5006,-3480,-5006,-612,-499,-612
4,6,-5
0,-3480,-7080,0,-499,-866
5006,-3480,-5006,612,-499,-612
4459,59,-4459,693,197,-693
0,59,-6307,0,197,-980
4,6,-5
0,-5682,-10,0,-947,-319
7,-5682,-7,225,-947,-225
5006,-3480,-5006,612,-499,-612
0,-3480,-7080,0,-499,-866
4,6,-5
5006,-3480,-5006,612,-499,-612
7080,-3480,0,866,-499,0
6307,59,0,980,197,0
4459,59,-4459,693,197,-693
4,6,-5
7,-5682,-7,225,-947,-225
10,-5682,0,319,-947,0
7080,-3480,0,866,-499,0
5006,-3480,-5006,612,-499,-612
