4,6,-5
7100,1559,0,981,-189,0
5020,1559,5020,694,-189,694
5069,2142,5069,702,-108,702
7169,2142,0,994,-108,0
4,6,-5
6664,119,0,963,-269,0
4712,119,4712,680,-269,680
5020,1559,5020,694,-189,694
7100,1559,0,981,-189,0
4,6,-5
5020,1559,5020,694,-189,694
0,1559,7100,0,-189,981
0,2142,7169,0,-108,994
5069,2142,5069,702,-108,702
4,6,-5
4712,119,4712,680,-269,680
0,119,6664,0,-269,963
0,1559,7100,0,-189,981
5020,1559,5020,694,-189,694
4,6,-5
0,1559,7100,0,-189,981
-5020,1559,5020,-694,-189,694
-5069,2142,5069,-702,-108,702
0,2142,7169,0,-108,994
4,6,-5
0,119,6664,0,-269,963
-4712,119,4712,-680,-269,680
-5020,1559,5020,-694,-189,694
0,1559,7100,0,-189,981
4,6,-5
-5020,1559,5020,-694,-189,694
-7100,1559,0,-981,-189,0
-7169,2142,0,-994,-108,0
-5069,2142,5069,-702,-108,702
4,6,-5
-4712,119,4712,-680,-269,680
-6664,119,0,-963,-269,0
-7100,1559,0,-981,-189,0
-5020,1559,5020,-694,-189,694
4,6,-5
-7100,1559,0,-981,-189,0
-5020,1559,-5020,-694,-189,-694
-5069,2142,-5069,-702,-108,-702
-7169,2142,0,-994,-108,0
4,6,-5
-6664,119,0,-963,-269,0
-4712,119,-4712,-680,-269,-680
-5020,1559,-5020,-694,-189,-694
-7100,1559,0,-981,-189,0
4,6,-5
-5020,1559,-5020,-694,-189,-694
0,1559,-7100,0,-189,-981
0,2142,-7169,0,-108,-994
-5069,2142,-5069,-702,-108,-702
4,6,-5
-4712,119,-4712,-680,-269,-680
0,119,-6664,0,-269,-963
0,1559,-7100,0,-189,-981
-5020,1559,-5020,-694,-189,-694
4,6,-5
0,1559,-7100,0,-189,-981
5020,1559,-5020,694,-189,-694
5069,2142,-5069,702,-108,-702
0,2142,-7169,0,-108,-994
4,6,-5
0,119,-6664,0,-269,-963
4712,119,-4712,680,-269,-680
5020,1559,-5020,694,-189,-694
0,1559,-7100,0,-189,-981
4,6,-5
5020,1559,-5020,694,-189,-694
7100,1559,0,981,-189,0
7169,2142,0,994,-108,0
5069,2142,-5069,702,-108,-702
4,6,-5
4712,119,-4712,680,-269,-680
6664,119,0,963,-269,0
7100,1559,0,981,-189,0
5020,1559,-5020,694,-189,-694
