4,6,-5
7913,3034,0,507,861,0
5595,3034,5595,358,861,358
799,3659,799,15,999,15
1130,3659,0,21,999,0
4,6,-5
9163,1368,0,981,191,0
6479,1368,6479,694,191,694
5595,3034,5595,358,861,358
7913,3034,0,507,861,0
4,6,-5
8895,267,0,949,-312,0
6289,267,6289,671,-312,671
6479,1368,6479,694,191,694
9163,1368,0,981,191,0
4,6,-5
5595,3034,5595,358,861,358
0,3034,7913,0,861,507
0,3659,1130,0,999,21
799,3659,799,15,999,15
4,6,-5
6479,1368,6479,694,191,694
0,1368,9163,0,191,981
0,3034,7913,0,861,507
5595,3034,5595,358,861,358
4,6,-5
6289,267,6289,671,-312,671
0,267,8895,0,-312,949
0,1368,9163,0,191,981
6479,1368,6479,694,191,694
4,6,-5
0,3034,7913,0,861,507
-5595,3034,5595,-358,861,358
-799,3659,799,-15,999,15
0,3659,1130,0,999,21
4,6,-5
0,1368,9163,0,191,981
-6479,1368,6479,-694,191,694
-5595,3034,5595,-358,861,358
0,3034,7913,0,861,507
4,6,-5
0,267,8895,0,-312,949
-6289,267,6289,-671,-312,671
-6479,1368,6479,-694,191,694
0,1368,9163,0,191,981
4,6,-5
-5595,3034,5595,-358,861,358
-7913,3034,0,-507,861,0
-1130,3659,0,-21,999,0
-799,3659,799,-15,999,15
4,6,-5
-6479,1368,6479,-694,191,694
-9163,1368,0,-981,191,0
-7913,3034,0,-507,861,0
-5595,3034,5595,-358,861,358
4,6,-5
-6289,267,6289,-671,-312,671
-8895,267,0,-949,-312,0
-9163,1368,0,-981,191,0
-6479,1368,6479,-694,191,694
4,6,-5
-7913,3034,0,-507,861,0
-5595,3034,-5595,-358,861,-358
-799,3659,-799,-15,999,-15
-1130,3659,0,-21,999,0
4,6,-5
-9163,1368,0,-981,191,0
-6479,1368,-6479,-694,191,-694
-5595,3034,-5595,-358,861,-358
-7913,3034,0,-507,861,0
4,6,-5
-8895,267,0,-949,-312,0
-6289,267,-6289,-671,-312,-671
-6479,1368,-6479,-694,191,-694
-9163,1368,0,-981,191,0
4,6,-5
-5595,3034,-5595,-358,861,-358
0,3034,-7913,0,861,-507
0,3659,-1130,0,999,-21
-799,3659,-799,-15,999,-15
4,6,-5
-6479,1368,-6479,-694,191,-694
0,1368,-9163,0,191,-981
0,3034,-7913,0,861,-507
-5595,3034,-5595,-358,861,-358
4,6,-5
-6289,267,-6289,-671,-312,-671
0,267,-8895,0,-312,-949
0,1368,-9163,0,191,-981
-6479,1368,-6479,-694,191,-694
4,6,-5
0,3034,-7913,0,861,-507
5595,3034,-5595,358,861,-358
799,3659,-799,15,999,-15
0,3659,-1130,0,999,-21
4,6,-5
0,1368,-9163,0,191,-981
6479,1368,-6479,694,191,-694
5595,3034,-5595,358,861,-358
0,3034,-7913,0,861,-507
4,6,-5
0,267,-8895,0,-312,-949
6289,267,-6289,671,-312,-671
6479,1368,-6479,694,191,-694
0,1368,-9163,0,191,-981
4,6,-5
5595,3034,-5595,358,861,-358
7913,3034,0,507,861,0
1130,3659,0,21,999,0
799,3659,-799,15,999,-15
4,6,-5
6479,1368,-6479,694,191,-694
9163,1368,0,981,191,0
7913,3034,0,507,861,0
5595,3034,-5595,358,861,-358
4,6,-5
6289,267,-6289,671,-312,-671
8895,267,0,949,-312,0
9163,1368,0,981,191,0
6479,1368,-6479,694,191,-694
