4,6,-5
2400,-3664,0,995,-93,0
1697,-3664,1697,704,-93,704
1914,59,1914,705,-75,705
2707,59,0,997,-75,0
4,6,-5
1755,-9044,0,993,-110,0
1240,-9044,1240,702,-110,702
1697,-3664,1697,704,-93,704
2400,-3664,0,995,-93,0
4,6,-5
1697,-3664,1697,704,-93,704
0,-3664,2400,0,-93,995
0,59,2707,0,-75,997
1914,59,1914,705,-75,705
4,6,-5
1240,-9044,1240,702,-110,702
0,-9044,1755,0,-110,993
0,-3664,2400,0,-93,995
1697,-3664,1697,704,-93,704
4,6,-5
0,-3664,2400,0,-93,995
-1697,-3664,1697,-704,-93,704
-1914,59,1914,-705,-75,705
0,59,2707,0,-75,997
4,6,-5
0,-9044,1755,0,-110,993
-1240,-9044,1240,-702,-110,702
-1697,-3664,1697,-704,-93,704
0,-3664,2400,0,-93,995
4,6,-5
-1697,-3664,1697,-704,-93,704
-2400,-3664,0,-995,-93,0
-2707,59,0,-997,-75,0
-1914,59,1914,-705,-75,705
4,6,-5
-1240,-9044,1240,-702,-110,702
-1755,-9044,0,-993,-110,0
-2400,-3664,0,-995,-93,0
-1697,-3664,1697,-704,-93,704
4,6,-5
-2400,-3664,0,-995,-93,0
-1697,-3664,-1697,-704,-93,-704
-1914,59,-1914,-705,-75,-705
-2707,59,0,-997,-75,0
4,6,-5
-1755,-9044,0,-993,-110,0
-1240,-9044,-1240,-702,-110,-702
-1697,-3664,-1697,-704,-93,-704
-2400,-3664,0,-995,-93,0
4,6,-5
-1697,-3664,-1697,-704,-93,-704
0,-3664,-2400,0,-93,-995
0,59,-2707,0,-75,-997
-1914,59,-1914,-705,-75,-705
4,6,-5
-1240,-9044,-1240,-702,-110,-702
0,-9044,-1755,0,-110,-993
0,-3664,-2400,0,-93,-995
-1697,-3664,-1697,-704,-93,-704
4,6,-5
0,-3664,-2400,0,-93,-995
1697,-3664,-1697,704,-93,-704
1914,59,-1914,705,-75,-705
0,59,-2707,0,-75,-997
4,6,-5
0,-9044,-1755,0,-110,-993
1240,-9044,-1240,702,-110,-702
1697,-3664,-1697,704,-93,-704
0,-3664,-2400,0,-93,-995
4,6,-5
1697,-3664,-1697,704,-93,-704
2400,-3664,0,995,-93,0
2707,59,0,997,-75,0
1914,59,-1914,705,-75,-705
4,6,-5
1240,-9044,-1240,702,-110,-702
1755,-9044,0,993,-110,0
2400,-3664,0,995,-93,0
1697,-3664,-1697,704,-93,-704
