4,6,-5
3689,-2201,0,679,-733,0
2608,-2201,2608,480,-733,480
2671,-148,2671,706,-40,706
3778,-148,0,999,-40,0
4,6,-5
89,-2082,0,-35,-999,0
62,-2082,62,-25,-999,-25
2608,-2201,2608,480,-733,480
3689,-2201,0,679,-733,0
4,6,-5
2608,-2201,2608,480,-733,480
0,-2201,3689,0,-733,679
0,-148,3778,0,-40,999
2671,-148,2671,706,-40,706
4,6,-5
62,-2082,62,-25,-999,-25
0,-2082,89,0,-999,-35
0,-2201,3689,0,-733,679
2608,-2201,2608,480,-733,480
4,6,-5
0,-2201,3689,0,-733,679
-2608,-2201,2608,-480,-733,480
-2671,-148,2671,-706,-40,706
0,-148,3778,0,-40,999
4,6,-5
0,-2082,89,0,-999,-35
-62,-2082,62,25,-999,-25
-2608,-2201,2608,-480,-733,480
0,-2201,3689,0,-733,679
4,6,-5
-2608,-2201,2608,-480,-733,480
-3689,-2201,0,-679,-733,0
-3778,-148,0,-999,-40,0
-2671,-148,2671,-706,-40,706
4,6,-5
-62,-2082,62,25,-999,-25
-89,-2082,0,35,-999,0
-3689,-2201,0,-679,-733,0
-2608,-2201,2608,-480,-733,480
4,6,-5
-3689,-2201,0,-679,-733,0
-2608,-2201,-2608,-480,-733,-480
-2671,-148,-2671,-706,-40,-706
-3778,-148,0,-999,-40,0
4,6,-5
-89,-2082,0,35,-999,0
-62,-2082,-62,25,-999,25
-2608,-2201,-2608,-480,-733,-480
-3689,-2201,0,-679,-733,0
4,6,-5
-2608,-2201,-2608,-480,-733,-480
0,-2201,-3689,0,-733,-679
0,-148,-3778,0,-40,-999
-2671,-148,-2671,-706,-40,-706
4,6,-5
-62,-2082,-62,25,-999,25
0,-2082,-89,0,-999,35
0,-2201,-3689,0,-733,-679
-2608,-2201,-2608,-480,-733,-480
4,6,-5
0,-2201,-3689,0,-733,-679
2608,-2201,-2608,480,-733,-480
2671,-148,-2671,706,-40,-706
0,-148,-3778,0,-40,-999
4,6,-5
0,-2082,-89,0,-999,35
62,-2082,-62,-25,-999,25
2608,-2201,-2608,480,-733,-480
0,-2201,-3689,0,-733,-679
4,6,-5
2608,-2201,-2608,480,-733,-480
3689,-2201,0,679,-733,0
3778,-148,0,999,-40,0
2671,-148,-2671,706,-40,-706
4,6,-5
62,-2082,-62,-25,-999,25
89,-2082,0,-35,-999,0
3689,-2201,0,679,-733,0
2608,-2201,-2608,480,-733,-480
