4,6,-5
2945,6942,0,996,-78,0
2082,6942,2082,704,-78,704
2082,9163,2082,707,0,707
2945,9163,0,1000,0,0
4,6,-5
1725,-148,0,987,-157,0
1219,-148,1219,698,-157,698
2082,6942,2082,704,-78,704
2945,6942,0,996,-78,0
4,6,-5
2082,6942,2082,704,-78,704
0,6942,2945,0,-78,996
0,9163,2945,0,0,1000
2082,9163,2082,707,0,707
4,6,-5
1219,-148,1219,698,-157,698
0,-148,1725,0,-157,987
0,6942,2945,0,-78,996
2082,6942,2082,704,-78,704
4,6,-5
0,6942,2945,0,-78,996
-2082,6942,2082,-704,-78,704
-2082,9163,2082,-707,0,707
0,9163,2945,0,0,1000
4,6,-5
0,-148,1725,0,-157,987
-1219,-148,1219,-698,-157,698
-2082,6942,2082,-704,-78,704
0,6942,2945,0,-78,996
4,6,-5
-2082,6942,2082,-704,-78,704
-2945,6942,0,-996,-78,0
-2945,9163,0,-1000,0,0
-2082,9163,2082,-707,0,707
4,6,-5
-1219,-148,1219,-698,-157,698
-1725,-148,0,-987,-157,0
-2945,6942,0,-996,-78,0
-2082,6942,2082,-704,-78,704
4,6,-5
-2945,6942,0,-996,-78,0
-2082,6942,-2082,-704,-78,-704
-2082,9163,-2082,-707,0,-707
-2945,9163,0,-1000,0,0
4,6,-5
-1725,-148,0,-987,-157,0
-1219,-148,-1219,-698,-157,-698
-2082,6942,-2082,-704,-78,-704
-2945,6942,0,-996,-78,0
4,6,-5
-2082,6942,-2082,-704,-78,-704
0,6942,-2945,0,-78,-996
0,9163,-2945,0,0,-1000
-2082,9163,-2082,-707,0,-707
4,6,-5
-1219,-148,-1219,-698,-157,-698
0,-148,-1725,0,-157,-987
0,6942,-2945,0,-78,-996
-2082,6942,-2082,-704,-78,-704
4,6,-5
0,6942,-2945,0,-78,-996
2082,6942,-2082,704,-78,-704
2082,9163,-2082,707,0,-707
0,9163,-2945,0,0,-1000
4,6,-5
0,-148,-1725,0,-157,-987
1219,-148,-1219,698,-157,-698
2082,6942,-2082,704,-78,-704
0,6942,-2945,0,-78,-996
4,6,-5
2082,6942,-2082,704,-78,-704
2945,6942,0,996,-78,0
2945,9163,0,1000,0,0
2082,9163,-2082,707,0,-707
4,6,-5
1219,-148,-1219,698,-157,-698
1725,-148,0,987,-157,0
2945,6942,0,996,-78,0
2082,6942,-2082,704,-78,-704
